8027 W 5 3
9297 B 7 1
10476 C 4 1
12018 E 7 3
13151 X 2 3
15374 H 6 1
16553 W 3 3
17732 B 6 1
18911 F 1 3
20362 B 6 4
21496 F 1 2
22494 M 5 1
23673 S 6 2
24625 A 6 2
25623 I 6 3
27029 H 1 3
28208 E 7 1
29342 K 4 4
30566 O 7 4
31609 Q 5 2
32789 W 2 1
33922 L 1 1
35102 E 5 2
36099 A 2 1
37233 M 5 1
38276 G 1 2
39455 T 7 1
40634 H 7 2
41768 Y 2 1
43038 Y 1 2
44172 I 7 3
45396 E 3 3
46439 F 2 2
47392 R 5 1
48888 E 4 2
50113 L 5 2
51201 F 1 2
52063 Z 3 3
53106 C 7 3
54013 U 1 4
54829 Q 6 2
55600 K 1 4
56553 D 7 4
57596 U 5 2
58412 E 6 4
59455 N 5 1
60362 N 5 3
61133 F 1 1
61904 T 6 4
62766 V 1 4
63990 A 4 1
64671 Q 2 1
65442 S 1 3
66258 Q 7 1
67029 C 5 4
68027 W 6 3
68843 O 6 4
69614 V 6 3
70385 E 1 3
71201 M 5 2
71972 T 4 3
72743 M 1 3
73469 R 3 3
74331 M 2 1
75102 S 2 2
75918 X 1 1
76916 E 7 3
77732 R 3 4
78458 U 1 1
79274 U 5 1
80045 R 2 3
80816 T 1 2
81451 E 2 1
82040 D 7 3
82811 G 1 2
83628 M 7 2
84217 L 4 2
84807 F 2 4
85578 A 7 3
86349 O 7 2
87165 G 2 1
87936 V 7 1
88752 J 3 2
89705 X 7 1
90521 Z 7 2
91337 A 6 3
92108 O 1 3
92879 I 2 2
93605 A 2 1
94240 G 3 4
94829 I 1 1
95646 K 5 1
96235 P 4 2
96734 P 2 4
97052 O 5 4
97823 B 1 1
98231 W 2 1
98594 O 4 4
99002 W 6 1
99546 U 1 3
99954 B 1 1
100544 Q 2 2
100952 D 2 3
101541 A 7 1
101950 L 5 1
102403 E 5 3
102721 J 2 2
103174 Z 1 1
103310 T 1 3
104308 Z 2 3
104716 B 3 3
104897 U 4 2
105714 Z 2 2
105895 E 1 2
106303 J 5 1
106848 Z 4 2
107437 Z 3 1
107845 Q 3 3
108253 K 7 1
108662 G 2 2
109070 G 2 2
109478 G 1 2
109659 H 7 3
110430 V 5 2
110839 C 7 3
111201 T 3 3
111655 A 6 3
112199 X 6 3
112607 G 6 3
113151 P 6 4
113605 M 4 1
114013 C 5 1
114376 H 4 2
114784 Q 6 2
115147 F 5 1
115782 N 1 1
116190 X 7 2
116553 C 2 3
116916 C 7 1
117551 X 3 1
117913 D 7 4
118321 Z 3 3
118730 P 6 2
119319 Z 2 3
119682 D 1 2
120090 V 7 4
120498 B 6 3
120952 G 5 3
121451 S 4 3
121904 L 3 2
122267 G 4 1
122675 X 5 3
123083 Y 7 1
123446 I 3 3
124081 I 6 3
124489 L 7 1
124852 N 3 2
125442 C 7 2
125804 J 7 4
126258 E 6 2
126621 I 2 1
127029 A 2 3
127392 W 5 2
127845 V 2 4
128253 O 5 1
128616 M 3 3
129024 D 7 2
129387 H 7 1
129795 H 7 2
130204 A 1 2
130566 F 6 1
130975 Y 3 1
131337 H 3 4
131746 M 5 3
132108 E 5 1
132517 F 3 2
132970 G 5 1
133287 N 5 1
133741 P 5 3
134149 N 6 4
134512 Z 1 1
134920 A 3 2
135691 N 4 2
136099 E 3 2
136507 S 6 3
136916 F 2 2
137278 U 4 2
137641 Y 1 4
138049 Z 3 1
138458 P 4 2
138866 N 1 3
139274 D 2 3
139682 P 4 1
140090 C 2 2
140498 O 5 3
140861 B 4 4
141269 V 1 4
141632 K 5 2
142403 L 4 2
142811 L 5 3
143174 Z 7 2
143582 V 3 4
143990 Q 6 3
144761 L 3 1
145532 J 1 2
145941 F 1 1
146349 Z 1 1
146757 R 2 2
147165 K 5 4
147528 J 1 1
147936 M 1 1
148707 G 1 1
148888 Z 2 2
149297 R 1 2
149705 Z 4 2
150113 Z 1 1
150521 Y 5 1
150702 L 5 2
151473 H 2 4
152063 T 4 2
152653 N 4 1
152879 R 3 2
153242 D 2 2
153605 I 3 2
154058 E 2 4
154829 W 1 3
155238 X 1 1
155827 Z 1 4
156417 F 7 3
