8027 W 9 5
8299 G 2 1
8707 E 3 4
9070 G 2 4
9297 B 13 2
9841 C 11 2
10022 N 10 1
10249 G 4 7
10476 C 7 2
10657 X 5 4
10839 X 14 5
11020 C 1 4
11201 A 14 2
11428 X 13 4
11609 K 2 1
11791 K 14 7
12018 E 13 6
12199 B 3 4
12380 X 10 6
12607 R 10 6
12789 D 6 1
12970 P 8 2
13151 X 3 5
13560 H 5 2
14013 X 14 7
14376 O 11 7
14603 M 10 6
15011 C 7 6
15374 H 11 2
15555 G 12 2
15782 Z 9 1
15963 J 14 4
16190 N 13 4
16371 T 7 6
16553 W 6 6
16780 U 3 2
16961 M 5 6
17188 X 9 7
17369 R 5 4
17551 A 7 7
17732 B 11 1
17959 H 10 1
18140 L 14 2
18321 X 6 1
18548 Z 1 7
18730 X 1 3
18911 F 2 5
19138 B 9 1
19319 O 7 1
19501 G 5 5
19954 L 2 6
20362 B 11 7
20680 D 6 1
20907 C 11 4
21133 K 6 3
21315 R 5 2
21496 F 1 3
21723 D 9 7
21904 R 5 4
22086 J 13 5
22267 V 11 4
22494 M 9 1
22721 S 4 5
22857 N 3 2
23083 M 8 5
23310 W 14 5
23492 K 6 2
23673 S 11 4
23854 Q 5 4
24036 I 10 3
24217 L 6 7
24444 Y 9 4
24625 A 11 4
24852 G 13 4
25034 W 7 4
25215 A 2 2
25396 B 6 2
25623 I 12 5
25850 L 7 2
26213 Y 7 3
26621 S 3 3
27029 H 1 6
27210 V 4 6
27392 B 6 1
27573 D 6 3
27800 K 6 5
27981 I 3 5
28208 E 13 2
28390 Y 13 5
28571 Z 8 1
28798 L 8 6
29024 E 7 1
29342 K 8 7
29659 P 8 4
29977 G 14 5
30204 Z 13 2
30385 E 5 6
30566 O 13 7
30748 Z 13 5
31065 B 12 5
31337 Y 12 7
31609 Q 10 4
31791 E 9 2
32018 S 6 4
32244 G 12 4
32380 Z 4 1
32562 G 14 7
32789 W 4 1
32970 B 4 7
33151 Z 3 7
33333 Y 8 6
33560 T 4 3
33922 L 2 2
34331 Q 1 2
34512 S 8 1
34693 Z 4 6
34875 L 4 7
35102 E 10 3
35283 N 2 7
35510 W 12 5
35691 E 10 5
35918 Q 11 3
36099 A 3 2
36326 Q 3 6
36734 E 6 4
36961 J 11 6
37233 M 10 1
37505 D 14 7
37732 V 8 4
37913 U 13 1
38276 G 2 3
38458 I 14 2
38684 B 13 2
38866 M 2 4
39047 O 4 6
39274 G 6 3
39455 T 13 1
39637 W 5 5
39818 S 3 4
40090 C 12 5
40408 N 4 7
40634 H 13 3
40861 Z 1 4
41043 U 2 7
41269 Q 10 6
41451 U 4 6
41768 Y 3 1
42086 N 8 3
42403 F 14 1
42630 J 13 4
43038 Y 1 4
43310 A 9 5
43628 H 8 6
43945 P 14 4
44172 I 14 6
44580 A 13 3
44807 P 13 1
44988 Y 14 1
45170 Y 4 6
45396 E 6 6
45578 P 5 1
45759 R 1 3
45986 E 12 7
46167 C 9 3
46439 F 3 3
46530 B 4 3
46757 H 11 6
46938 H 10 6
47165 Q 4 1
47392 R 10 1
47528 N 9 6
47755 B 13 6
47845 N 5 7
47981 B 12 7
48117 C 6 4
48435 C 11 3
48888 E 8 4
49115 V 1 6
49478 P 5 1
49705 X 7 1
50113 L 9 4
50430 V 5 3
50657 Z 1 4
51201 F 2 3
51428 T 14 7
51655 L 13 1
51836 R 14 5
52063 Z 5 5
52244 R 3 3
52471 W 11 4
52834 G 12 2
53106 C 13 6
53424 S 12 6
53696 Q 11 6
53877 H 7 2
54013 U 1 7
54421 K 11 3
54603 S 13 4
54829 Q 11 3
55056 X 14 7
55238 P 5 5
55419 Y 12 2
55600 K 2 7
55827 T 9 2
56009 M 3 3
56281 F 5 3
56553 D 13 7
56780 R 1 5
57006 V 8 1
57233 K 1 4
57596 U 10 3
57777 V 2 5
58004 Q 7 1
58185 Y 6 4
58412 E 12 7
58594 Q 14 6
58775 D 3 7
59183 T 4 1
59455 N 10 2
59727 C 8 2
59954 V 9 6
60136 R 7 1
60362 N 9 6
60725 H 7 3
60907 R 8 4
61133 F 1 1
61315 T 13 2
61541 M 9 4
61723 P 6 2
61904 T 12 7
62086 E 12 2
62312 G 2 7
62766 V 1 7
63083 G 1 1
63356 L 12 4
63582 O 12 1
63990 A 8 2
64172 Y 3 3
64308 Q 10 6
64489 E 14 6
64671 Q 3 1
64897 G 14 6
65079 M 13 5
65260 O 1 2
65442 S 2 6
65668 F 6 6
65850 X 6 3
66031 F 8 4
66258 Q 14 2
66439 C 2 1
66621 H 14 6
66802 U 1 6
67029 C 9 7
67210 C 9 7
67573 P 3 2
68027 W 12 5
68435 Z 14 7
68616 W 11 5
68843 O 12 7
69024 C 1 1
69206 Q 7 5
69387 L 9 3
69614 V 11 6
69795 M 1 6
69977 L 14 7
70204 R 14 2
70385 E 2 6
70612 Q 2 4
70793 S 7 4
70975 H 12 1
71201 M 9 3
71383 E 5 4
71564 Q 14 6
71791 F 4 3
71972 T 8 6
72199 L 5 2
72380 F 6 1
72562 B 4 3
72743 M 1 5
72925 L 14 6
73106 S 7 3
73333 E 2 6
73469 R 5 6
73741 O 12 6
73877 T 5 5
74149 K 5 7
74331 M 3 2
74512 K 12 4
74739 I 4 3
74920 E 11 6
75102 S 3 3
75328 U 3 3
75510 C 2 1
75736 H 14 4
75918 X 1 1
76145 U 3 6
76326 B 2 5
76507 Q 10 7
76916 E 14 5
77324 I 11 7
77732 R 5 7
77913 S 12 4
78095 B 2 3
78321 C 8 4
78458 U 1 2
78684 N 4 3
78911 R 11 2
79047 Y 12 6
79274 U 9 2
79455 H 10 4
79637 N 1 3
80045 R 3 5
80498 W 13 3
80816 T 1 3
81043 U 13 5
81224 U 7 7
81451 E 3 2
81632 Y 5 4
81814 X 5 1
82040 D 14 6
82222 C 11 6
82403 Q 9 5
82630 O 13 7
82811 G 1 4
83174 K 10 3
83628 M 14 4
84036 X 4 6
84217 L 8 3
84444 T 3 4
84625 U 1 4
84807 F 3 7
84988 H 9 7
85170 V 4 6
85351 I 12 1
85578 A 14 6
85759 G 10 5
85986 P 11 2
86349 O 13 3
86757 F 13 4
87165 G 4 2
87346 Z 2 2
87573 C 10 5
87755 G 12 1
87936 V 14 2
88163 I 8 4
88344 B 7 1
88526 C 6 6
88752 J 5 4
88934 X 2 4
89160 M 3 1
89297 M 8 1
89705 X 14 1
90113 I 11 4
90294 I 13 2
90521 Z 14 3
90748 L 12 6
90929 U 1 3
91111 T 3 3
91337 A 11 5
91564 I 2 2
91746 I 14 7
91882 Z 13 2
92108 O 2 6
92335 V 4 7
92517 S 11 4
92698 P 14 3
92879 I 3 4
93106 V 1 3
93242 M 4 6
93469 J 12 4
93605 A 4 2
93877 M 7 3
94240 G 6 7
94512 S 5 5
94829 I 1 2
95056 B 6 3
95238 H 10 3
95419 A 14 1
95646 K 10 1
95873 P 11 1
96009 Z 2 1
96235 P 8 4
96371 S 1 5
96462 E 11 3
96643 U 11 7
96734 P 3 7
96916 I 9 2
97052 O 9 7
97414 O 5 6
97823 B 3 2
98004 N 5 7
98231 W 3 2
98412 L 10 4
98594 O 7 7
99002 W 11 1
99365 K 9 5
99546 U 2 6
99773 C 6 5
99954 B 2 2
100136 A 10 3
100544 Q 3 3
100952 D 3 6
101360 R 10 5
101541 A 14 1
101768 I 13 1
101950 L 9 2
102176 B 11 5
102403 E 9 6
102585 S 1 2
102721 J 5 3
102947 B 1 2
103174 Z 1 1
103310 T 2 5
103764 A 2 5
104081 R 13 7
104308 Z 3 5
104535 I 7 4
104716 B 6 6
104897 U 7 4
105260 W 10 3
105714 Z 3 3
105895 E 2 3
106122 Y 5 6
106303 J 10 2
106485 D 14 5
106848 Z 8 3
107165 X 1 4
107437 Z 6 1
107664 R 8 3
107845 Q 6 6
108072 K 10 3
108253 K 13 2
108480 I 10 4
108662 G 4 3
108888 F 10 6
109070 G 4 3
109251 W 1 2
109478 G 1 4
109659 H 14 5
110022 K 4 5
110430 V 10 4
110657 H 11 7
110839 C 13 5
111020 K 14 7
111201 T 5 5
111655 A 12 6
112018 V 8 2
112199 X 12 5
112426 S 6 6
112607 G 12 6
112789 E 5 5
113151 P 12 7
113378 G 1 2
113605 M 7 2
113832 Y 1 3
114013 C 9 2
114195 T 14 6
114376 H 7 3
114603 X 1 4
114784 Q 11 3
114965 Q 2 2
115147 F 10 1
115555 Y 1 2
115782 N 2 1
115963 Q 1 2
116190 X 14 4
116417 O 12 1
116553 C 4 6
116780 V 7 3
116916 C 14 2
117142 D 1 3
117551 X 5 2
117777 X 4 4
117913 D 14 7
118140 A 11 4
118321 Z 5 5
118548 X 13 3
118730 P 12 3
119138 I 3 1
119319 Z 3 6
119501 O 12 5
119682 D 1 3
119909 W 2 2
120090 V 14 7
120272 F 10 1
120498 B 11 5
120680 O 8 4
120952 G 10 5
121269 Y 3 2
121451 S 8 6
121678 D 6 1
121904 L 6 4
122086 O 12 3
122267 G 7 1
122494 Z 13 7
122675 X 9 6
122857 R 8 2
123083 Y 14 1
123265 D 8 4
123446 I 5 6
123854 Z 8 5
124081 I 12 5
124308 S 12 7
124489 L 14 2
124671 W 7 7
124852 N 6 3
125034 A 3 6
125442 C 14 4
125623 U 8 6
125804 J 13 7
126031 X 14 4
126258 E 12 3
126439 G 13 2
126621 I 3 1
126802 I 5 6
127029 A 3 5
127256 C 8 5
127392 W 9 3
127573 A 10 5
127845 V 4 7
128072 U 1 2
128253 O 10 2
128435 E 14 4
128616 M 6 5
128843 Q 11 6
129024 D 13 4
129206 P 2 2
129387 H 14 2
129614 A 2 4
129795 H 13 4
129977 S 10 3
130204 A 2 3
130385 B 8 5
130566 F 11 1
130748 Q 3 3
130975 Y 5 2
131156 M 9 1
131337 H 6 7
131564 W 14 6
131746 M 10 6
131927 T 3 3
132108 E 9 2
132335 K 3 6
132517 F 6 4
132743 D 12 1
132970 G 10 2
133151 I 7 2
133287 N 10 2
133514 U 7 6
133741 P 10 6
133922 B 11 3
134149 N 11 7
134285 H 4 4
134512 Z 1 1
134693 C 11 3
134920 A 5 4
135328 W 6 6
135691 N 8 3
135918 X 8 7
136099 E 6 3
136281 O 8 4
136507 S 11 5
136689 H 9 4
136916 F 3 3
137097 H 9 7
137278 U 8 4
137460 E 9 2
137641 Y 2 7
137823 S 12 7
138049 Z 6 1
138276 O 14 2
138458 P 8 3
138639 S 6 3
138866 N 2 6
139092 E 1 5
139274 D 4 6
139501 M 7 5
139682 P 8 1
139863 B 1 6
140090 C 3 4
140226 P 6 5
140498 O 9 6
140589 X 7 6
140861 B 8 7
140997 W 13 4
141269 V 1 7
141632 K 10 4
142040 E 11 1
142403 L 8 4
142630 I 6 4
142811 L 10 5
142993 N 12 5
143174 Z 13 3
143401 T 6 5
143582 V 5 7
143764 K 8 1
143990 Q 12 5
144172 S 11 3
144353 X 4 3
144761 L 6 2
145170 K 7 1
145532 J 2 4
145759 Z 8 5
145941 F 2 1
146167 H 4 1
146349 Z 1 1
146530 R 5 7
146757 R 4 4
146938 I 1 2
147165 K 9 7
147346 L 1 1
147528 J 1 1
147936 M 1 1
148344 S 4 1
148707 G 1 2
148888 Z 4 4
149115 O 2 3
149297 R 1 3
149478 F 7 2
149705 Z 7 3
149886 G 7 7
150113 Z 2 1
150294 C 5 2
150521 Y 9 2
150702 L 9 3
151111 D 10 5
151473 H 4 7
151882 O 7 1
152063 T 7 4
152290 S 7 2
152471 X 5 7
152653 N 7 2
152879 R 5 4
153061 F 6 3
153242 D 4 4
153469 Z 8 6
153605 I 5 4
153877 B 8 7
154058 E 3 7
154421 Q 2 1
154829 W 2 6
155011 L 9 2
155238 X 1 1
155419 I 5 4
155827 Z 1 7
156235 Y 13 6
156417 F 13 5
156598 M 9 5
156780 E 3 4
157006 A 2 2
157414 B 8 4
157823 I 5 2
158004 D 1 7
158185 X 13 1
158367 K 13 2
158548 W 12 4
158956 A 4 1
159229 Q 7 2
159591 N 6 5
159773 P 5 4
159954 N 8 1
160136 O 13 3
160362 E 13 2
160544 F 1 2
160770 L 10 4
160952 F 5 7
161133 B 3 1
161315 Z 3 4
161496 F 14 4
161723 G 13 6
162131 P 1 3
162539 C 1 3
162721 J 11 2
162947 Q 8 3
163129 Q 12 5
163310 P 2 5
163764 W 8 5
164081 Z 3 7
164308 D 7 6
164489 Z 8 5
164671 Z 7 6
164897 H 13 6
165260 S 6 3
165714 F 3 3
166122 X 1 5
166303 N 5 2
166485 M 13 1
166848 U 13 6
167256 R 8 5
167482 X 10 2
167664 A 10 6
167845 U 11 4
168072 F 13 1
168480 U 4 6
168843 O 1 5
169024 K 3 4
169251 E 11 7
169433 C 1 4
169659 U 13 6
170022 I 5 4
170430 W 10 5
170612 N 6 4
170793 J 11 4
171201 J 8 4
171564 L 8 7
171836 L 7 4
172199 S 10 7
172380 P 9 2
172562 E 3 2
172789 S 2 6
173151 T 6 6
173378 F 12 6
173605 S 7 6
173832 U 4 3
174013 M 2 2
174195 M 4 7
174376 U 10 2
174784 T 8 1
175147 P 7 1
175328 F 12 1
175555 O 12 1
175736 P 14 7
175963 H 4 2
176326 I 14 5
176734 D 13 7
176916 P 12 2
177097 R 8 5
177324 C 12 5
177505 N 8 4
177868 N 13 1
178321 B 9 5
178730 Y 3 6
179138 O 2 6
179501 W 11 7
179863 Z 3 3
180090 G 14 1
180272 I 2 4
180544 X 6 3
180725 E 10 3
180861 X 13 6
181043 M 3 6
181269 N 11 3
181451 N 13 7
181678 T 1 5
181859 O 8 3
182222 N 3 3
182539 Y 2 7
182811 H 13 6
182993 V 1 5
183219 J 14 6
183446 A 4 1
183854 H 5 4
184036 K 14 3
184217 T 14 7
184444 V 1 7
184625 S 13 3
184807 H 6 1
184988 O 7 1
185215 F 7 2
185396 W 4 7
185759 S 11 6
186031 W 10 5
186258 D 6 7
186439 Y 4 6
186621 Q 9 5
187029 M 4 2
187210 C 5 4
187392 G 9 5
187573 D 6 5
187755 I 4 4
187981 H 12 5
188163 E 5 5
188571 P 13 4
188798 D 7 4
188934 B 5 6
189160 I 11 6
189342 H 8 7
189523 Z 1 3
189750 T 4 5
190113 F 13 7
190340 N 14 3
190521 A 10 4
190702 X 11 1
190884 X 13 3
191111 O 13 1
191292 D 4 1
191519 U 1 5
191700 W 2 2
192063 Z 1 5
192290 J 6 2
192562 Q 13 1
192698 Z 7 5
192925 D 9 5
193287 N 9 6
193741 V 5 6
194104 V 10 5
194512 V 8 1
194875 R 6 2
195283 H 13 4
195646 J 8 5
196054 Q 1 4
196235 O 8 5
196462 U 2 6
196643 O 5 3
196870 J 10 4
197052 P 10 1
197233 Q 2 5
197460 Z 7 5
197641 D 4 7
197823 B 9 6
198004 Y 4 1
198412 D 11 1
198820 W 8 3
199229 N 8 3
199591 Y 8 3
199818 T 8 6
200045 T 14 4
200226 F 10 1
200362 Q 7 1
200589 X 5 4
200816 Y 7 7
200997 N 14 6
201179 G 3 3
201587 F 10 1
201995 A 10 5
202358 B 1 6
202721 S 1 5
202947 Y 5 7
203174 J 2 3
203356 N 13 5
203582 M 13 2
203764 C 4 6
203990 J 2 1
204172 G 14 3
204353 U 11 7