8027 W 5 3
8707 E 2 2
9297 B 7 1
10022 N 5 1
10476 C 4 1
11201 A 7 1
12018 E 7 3
12607 R 5 3
13151 X 2 3
14013 X 7 4
14603 M 5 3
15374 H 6 1
15963 J 7 2
16553 W 3 3
17188 X 5 4
17732 B 6 1
18321 X 3 1
18911 F 1 3
19501 G 3 3
20362 B 6 4
20907 C 6 2
21496 F 1 2
21904 R 3 2
22494 M 5 1
23083 M 4 3
23673 S 6 2
24036 I 5 2
24625 A 6 2
25034 W 4 2
25623 I 6 3
26213 Y 4 2
27029 H 1 3
27573 D 3 2
28208 E 7 1
28798 L 4 3
29342 K 4 4
29977 G 7 3
30566 O 7 4
31065 B 6 3
31609 Q 5 2
32244 G 6 2
32789 W 2 1
33333 Y 4 3
33922 L 1 1
34512 S 4 1
35102 E 5 2
35510 W 6 3
36099 A 2 1
36734 E 3 2
37233 M 5 1
37732 V 4 2
38276 G 1 2
38866 M 1 2
39455 T 7 1
40090 C 6 3
40634 H 7 2
41269 Q 5 3
41768 Y 2 1
42403 F 7 1
43038 Y 1 2
43628 H 4 3
44172 I 7 3
44807 P 7 1
45396 E 3 3
45986 E 6 4
46439 F 2 2
46938 H 5 3
47392 R 5 1
47755 B 7 3
48117 C 3 2
48888 E 4 2
49478 P 3 1
50113 L 5 2
50657 Z 1 2
51201 F 1 2
51655 L 7 1
52063 Z 3 3
52471 W 6 2
53106 C 7 3
53696 Q 6 3
54013 U 1 4
54421 K 6 2
54829 Q 6 2
55238 P 3 3
55600 K 1 4
56009 M 2 2
56553 D 7 4
57006 V 4 1
57596 U 5 2
58004 Q 4 1
58412 E 6 4
58775 D 2 4
59455 N 5 1
59954 V 5 3
60362 N 5 3
60725 H 4 2
61133 F 1 1
61541 M 5 2
61904 T 6 4
62312 G 1 4
62766 V 1 4
63356 L 6 2
63990 A 4 1
64308 Q 5 3
64671 Q 2 1
65079 M 7 3
65442 S 1 3
65850 X 3 2
66258 Q 7 1
66621 H 7 3
67029 C 5 4
67573 P 2 1
68027 W 6 3
68435 Z 7 4
68843 O 6 4
69206 Q 4 3
69614 V 6 3
69977 L 7 4
70385 E 1 3
70793 S 4 2
71201 M 5 2
71564 Q 7 3
71972 T 4 3
72380 F 3 1
72743 M 1 3
73106 S 4 2
73469 R 3 3
73877 T 3 3
74331 M 2 1
74739 I 2 2
75102 S 2 2
75510 C 1 1
75918 X 1 1
76326 B 1 3
76916 E 7 3
77324 I 6 4
77732 R 3 4
78095 B 1 2
78458 U 1 1
78911 R 6 1
79274 U 5 1
79637 N 1 2
80045 R 2 3
80498 W 7 2
80816 T 1 2
81224 U 4 4
81451 E 2 1
81814 X 2 1
82040 D 7 3
82403 Q 5 3
82811 G 1 2
83174 K 5 2
83628 M 7 2
84036 X 2 3
84217 L 4 2
84625 U 1 2
84807 F 2 4
85170 V 2 3
85578 A 7 3
85986 P 6 1
86349 O 7 2
86757 F 7 2
87165 G 2 1
87573 C 5 3
87936 V 7 1
88344 B 4 1
88752 J 3 2
89160 M 2 1
89705 X 7 1
90113 I 6 2
90521 Z 7 2
90929 U 1 2
91337 A 6 3
91746 I 7 4
92108 O 1 3
92517 S 6 2
92879 I 2 2
93242 M 2 3
93605 A 2 1
93877 M 4 2
94240 G 3 4
94512 S 3 3
94829 I 1 1
95238 H 5 2
95646 K 5 1
96009 Z 1 1
96235 P 4 2
96462 E 6 2
96734 P 2 4
96916 I 5 1
97052 O 5 4
97414 O 3 3
97823 B 1 1
98004 N 3 4
98231 W 2 1
98412 L 5 2
98594 O 4 4
99002 W 6 1
99365 K 5 3
99546 U 1 3
99773 C 3 3
99954 B 1 1
100136 A 5 2
100544 Q 2 2
100952 D 2 3
101360 R 5 3
101541 A 7 1
101768 I 7 1
101950 L 5 1
102176 B 6 3
102403 E 5 3
102585 S 1 1
102721 J 2 2
102947 B 1 1
103174 Z 1 1
103310 T 1 3
103764 A 1 3
104081 R 7 4
104308 Z 2 3
104535 I 4 2
104716 B 3 3
104897 U 4 2
105260 W 5 2
105714 Z 2 2
105895 E 1 2
106122 Y 3 3
106303 J 5 1
106485 D 7 3
106848 Z 4 2
107165 X 1 2
107437 Z 3 1
107664 R 4 2
107845 Q 3 3
108072 K 5 2
108253 K 7 1
108480 I 5 2
108662 G 2 2
108888 F 5 3
109070 G 2 2
109251 W 1 1
109478 G 1 2
109659 H 7 3
110022 K 2 3
110430 V 5 2
110657 H 6 4
110839 C 7 3
111020 K 7 4
111201 T 3 3
111655 A 6 3
112018 V 4 1
112199 X 6 3
112426 S 3 3
112607 G 6 3
112789 E 3 3
113151 P 6 4
113378 G 1 1
113605 M 4 1
113832 Y 1 2
114013 C 5 1
114195 T 7 3
114376 H 4 2
114603 X 1 2
114784 Q 6 2
114965 Q 1 1
115147 F 5 1
115555 Y 1 1
115782 N 1 1
115963 Q 1 1
116190 X 7 2
116417 O 6 1
116553 C 2 3
116780 V 4 2
116916 C 7 1
117142 D 1 2
117551 X 3 1
117777 X 2 2
117913 D 7 4
118140 A 6 2
118321 Z 3 3
118548 X 7 2
118730 P 6 2
119138 I 2 1
119319 Z 2 3
119501 O 6 3
119682 D 1 2
119909 W 1 1
120090 V 7 4
120272 F 5 1
120498 B 6 3
120680 O 4 2
120952 G 5 3
121269 Y 2 1
121451 S 4 3
121678 D 3 1
121904 L 3 2
122086 O 6 2
122267 G 4 1
122494 Z 7 4
122675 X 5 3
122857 R 4 1
123083 Y 7 1
123265 D 4 2
123446 I 3 3
123854 Z 4 3
124081 I 6 3
124308 S 6 4
124489 L 7 1
124671 W 4 4
124852 N 3 2
125034 A 2 3
125442 C 7 2
125623 U 4 3
125804 J 7 4
126031 X 7 2
126258 E 6 2
126439 G 7 1
126621 I 2 1
126802 I 3 3
127029 A 2 3
127256 C 4 3
127392 W 5 2
127573 A 5 3
127845 V 2 4
128072 U 1 1
128253 O 5 1
128435 E 7 2
128616 M 3 3
128843 Q 6 3
129024 D 7 2
129206 P 1 1
129387 H 7 1
129614 A 1 2
129795 H 7 2
129977 S 5 2
130204 A 1 2
130385 B 4 3
130566 F 6 1
130748 Q 2 2
130975 Y 3 1
131156 M 5 1
131337 H 3 4
131564 W 7 3
131746 M 5 3
131927 T 2 2
132108 E 5 1
132335 K 2 3
132517 F 3 2
132743 D 6 1
132970 G 5 1
133151 I 4 1
133287 N 5 1
133514 U 4 3
133741 P 5 3
133922 B 6 2
134149 N 6 4
134285 H 2 2
134512 Z 1 1
134693 C 6 2
134920 A 3 2
135328 W 3 3
135691 N 4 2
135918 X 4 4
136099 E 3 2
136281 O 4 2
136507 S 6 3
136689 H 5 2
136916 F 2 2
137097 H 5 4
137278 U 4 2
137460 E 5 1
137641 Y 1 4
137823 S 6 4
138049 Z 3 1
138276 O 7 1
138458 P 4 2
138639 S 3 2
138866 N 1 3
139092 E 1 3
139274 D 2 3
139501 M 4 3
139682 P 4 1
139863 B 1 3
140090 C 2 2
140226 P 3 3
140498 O 5 3
140589 X 4 3
140861 B 4 4
140997 W 7 2
141269 V 1 4
141632 K 5 2
142040 E 6 1
142403 L 4 2
142630 I 3 2
142811 L 5 3
142993 N 6 3
143174 Z 7 2
143401 T 3 3
143582 V 3 4
143764 K 4 1
143990 Q 6 3
144172 S 6 2
144353 X 2 2
144761 L 3 1
145170 K 4 1
145532 J 1 2
145759 Z 4 3
145941 F 1 1
146167 H 2 1
146349 Z 1 1
146530 R 3 4
146757 R 2 2
146938 I 1 1
147165 K 5 4
147346 L 1 1
147528 J 1 1
147936 M 1 1
148344 S 2 1
148707 G 1 1
148888 Z 2 2
149115 O 1 2
149297 R 1 2
149478 F 4 1
149705 Z 4 2
149886 G 4 4
150113 Z 1 1
150294 C 2 1
150521 Y 5 1
150702 L 5 2
151111 D 5 3
151473 H 2 4
151882 O 4 1
152063 T 4 2
152290 S 4 1
152471 X 2 4
152653 N 4 1
152879 R 3 2
153061 F 3 2
153242 D 2 2
153469 Z 4 3
153605 I 3 2
153877 B 4 4
154058 E 2 4
154421 Q 1 1
154829 W 1 3
155011 L 5 1
155238 X 1 1
155419 I 3 2
155827 Z 1 4
156235 Y 7 3
156417 F 7 3
156598 M 5 3